1	0.227822	0.0652266	-0.300596	0.0707417	-0.326801	-0.431527	0.400143	-0.28965	0.152732	0.228551	0.305358	0.241599	0.171695	-0.0785479	-0.138128	-0.123317	-0.102658	0.0546302	0.0172761	-0.0228479
2	0.245376	0.139015	-0.331815	-0.0397429	-0.332758	-0.21229	0.102959	0.0394631	-0.0227703	-0.171083	-0.26511	-0.354147	-0.277282	0.184032	0.300113	0.320874	0.270212	-0.17051	-0.0578194	0.078287
3	0.227243	0.211182	-0.296098	-0.171302	-0.231671	0.0531951	-0.210148	0.277975	-0.221059	-0.251185	-0.248804	-0.044505	0.0295603	-0.109372	-0.23924	-0.352099	-0.359057	0.274402	0.106296	-0.152981
4	0.172223	0.270723	-0.191947	-0.289273	-0.0736841	0.23523	-0.292271	0.193402	-0.0986716	0.10842	0.239153	0.345625	0.281058	-0.149227	-0.0357786	0.146204	0.309722	-0.314517	-0.15274	0.22956
5	0.0857155	0.307792	-0.0426751	-0.358735	0.0653755	0.248987	-0.0989175	-0.121002	0.234481	0.314286	0.261452	-0.0477932	-0.196797	0.295201	0.276078	0.134853	-0.159565	0.285611	0.197082	-0.293528
6	-0.0214315	0.315302	0.110612	-0.358803	0.119775	0.105466	0.176081	-0.319965	0.279837	0.0102528	-0.171241	-0.280288	-0.160733	-0.105642	-0.287608	-0.301978	-0.0379115	-0.193307	-0.237624	0.32837
7	-0.134444	0.290095	0.222036	-0.291366	0.0626619	-0.0987798	0.295076	-0.178862	-0.0985938	-0.318905	-0.222516	0.12085	0.318915	-0.257452	0.0412608	0.25275	0.193175	0.0601359	0.273418	-0.325619
8	-0.236928	0.23354	0.256049	-0.181768	-0.0823983	-0.241731	0.185818	0.152758	-0.38242	-0.124731	0.138392	0.213184	-0.0321971	0.366892	0.239917	-0.0618976	-0.260513	0.0921869	-0.300394	0.278559
9	-0.313921	0.151331	0.200943	-0.0711188	-0.250585	-0.24293	-0.0318935	0.319741	-0.124937	0.283233	0.185377	-0.154593	-0.315877	-0.0465563	-0.311114	-0.119432	0.225333	-0.236065	0.315017	-0.18768
10	-0.354948	0.0524399	0.0757775	-0.00214872	-0.362277	-0.101185	-0.190492	0.158945	0.335686	0.217535	-0.1291	-0.173134	0.216048	-0.352671	0.131699	0.212454	-0.0934945	0.327001	-0.319893	0.0655412
11	-0.354984	-0.052236	-0.0757114	-0.00213498	-0.362291	0.101158	-0.190509	-0.158873	0.335755	-0.217467	-0.129116	0.17312	0.216078	0.352647	0.131726	-0.212449	-0.093502	-0.326994	0.319873	0.0656684
12	-0.314022	-0.151158	-0.200899	-0.0710829	-0.25062	0.24292	-0.0319251	-0.31976	-0.124827	-0.283264	0.185366	0.154612	-0.315863	0.0465958	-0.31112	0.119419	0.225333	0.236045	-0.314959	-0.187799
13	-0.237079	-0.233421	-0.256037	-0.181723	-0.082439	0.241743	0.185802	-0.152835	-0.382413	0.124654	0.138411	-0.213175	-0.0322277	-0.366902	0.239899	0.0619097	-0.260508	-0.0921583	0.300309	0.278661
14	-0.134624	-0.290042	-0.222054	-0.291325	0.062632	0.0988045	0.295087	0.178825	-0.0986799	0.318893	-0.222501	-0.12087	0.318925	0.257429	0.0412813	-0.252753	0.193165	-0.0601681	-0.27332	-0.325699
15	-0.0216159	-0.315318	-0.110649	-0.358775	0.119765	-0.105442	0.176104	0.32	0.279784	-0.010199	-0.171257	0.280285	-0.160716	0.105667	-0.287611	0.301969	-0.0378996	0.193338	0.237525	0.328428
16	0.0855486	-0.307866	0.0426343	-0.358725	0.0653861	-0.248976	-0.0989031	0.121052	0.234514	-0.314255	0.261437	0.0478117	-0.196815	-0.295202	0.276064	-0.134838	-0.159575	-0.285636	-0.196991	-0.293564
17	0.17209	-0.270838	0.191916	-0.289277	-0.0736612	-0.235234	-0.292274	-0.193396	-0.0986196	-0.108444	0.239164	-0.345626	0.281054	0.149213	-0.0357608	-0.146215	0.309727	0.314533	0.152666	0.229579
18	0.227153	-0.211317	0.296085	-0.171312	-0.231647	-0.0532071	-0.210159	-0.278001	-0.221055	0.251158	-0.24879	0.0444896	0.0295746	0.109381	-0.239249	0.3521	-0.359057	-0.274409	-0.106241	-0.152988
19	0.245329	-0.139148	0.331819	-0.0397525	-0.332741	0.212279	0.102951	-0.0394796	-0.0227937	0.171089	-0.265118	0.35415	-0.277283	-0.18403	0.300113	-0.320866	0.270208	0.17051	0.0577873	0.0782879
20	0.227811	-0.0653382	0.300613	0.0707385	-0.326794	0.431523	0.400143	0.289662	0.152723	-0.228541	0.305353	-0.241595	0.171689	0.0785457	-0.138125	0.123311	-0.102655	-0.0546292	-0.0172653	-0.0228473
